0.000000
0.009775
0.019549
0.029321
0.039091
0.048856
0.058617
0.068373
0.078122
0.087863
0.097596
0.107320
0.117033
0.126735
0.136426
0.146103
0.155766
0.165414
0.175047
0.184662
0.194260
0.203840
0.213400
0.222940
0.232458
0.241954
0.251427
0.260876
0.270300
0.279698
0.289070
0.298414
0.307729
0.317015
0.326271
0.335495
0.344688
0.353847
0.362973
0.372064
0.381119
0.390139
0.399120
0.408064
0.416969
0.425833
0.434657
0.443440
0.452180
0.460877
0.469530
0.478138
0.486701
0.495217
0.503685
0.512106
0.520477
0.528799
0.537070
0.545290
0.553458
0.561573
0.569634
0.577641
0.585593
0.593488
0.601327
0.609109
0.616832
0.624497
0.632101
0.639646
0.647129
0.654550
0.661909
0.669205
0.676436
0.683603
0.690705
0.697741
0.704710
0.711611
0.718445
0.725210
0.731906
0.738531
0.745087
0.751571
0.757983
0.764323
0.770589
0.776782
0.782901
0.788945
0.794914
0.800807
0.806623
0.812362
0.818024
0.823607
0.829112
0.834537
0.839883
0.845148
0.850333
0.855436
0.860458
0.865398
0.870254
0.875028
0.879718
0.884324
0.888845
0.893282
0.897633
0.901898
0.906078
0.910170
0.914176
0.918094
0.921925
0.925667
0.929321
0.932887
0.936363
0.939749
0.943046
0.946253
0.949369
0.952395
0.955329
0.958173
0.960924
0.963584
0.966152
0.968628
0.971011
0.973301
0.975498
0.977602
0.979613
0.981530
0.983353
0.985082
0.986717
0.988258
0.989704
0.991056
0.992313
0.993475
0.994543
0.995515
0.996392
0.997174
0.997861
0.998452
0.998948
0.999349
0.999654
0.999863
0.999977
0.999995
0.999918
0.999746
0.999477
0.999114
0.998654
0.998100
0.997450
0.996704
0.995864
0.994928
0.993897
0.992772
0.991551
0.990236
0.988826
0.987321
0.985722
0.984029
0.982242
0.980362
0.978387
0.976319
0.974158
0.971903
0.969556
0.967116
0.964584
0.961959
0.959243
0.956435
0.953535
0.950545
0.947463
0.944291
0.941029
0.937677
0.934235
0.930704
0.927084
0.923376
0.919579
0.915695
0.911723
0.907663
0.903517
0.899285
0.894967
0.890563
0.886074
0.881501
0.876843
0.872102
0.867277
0.862369
0.857379
0.852307
0.847154
0.841919
0.836604
0.831210
0.825735
0.820182
0.814551
0.808841
0.803055
0.797191
0.791252
0.785237
0.779147
0.772982
0.766744
0.760432
0.754047
0.747591
0.741063
0.734464
0.727796
0.721057
0.714250
0.707374
0.700431
0.693421
0.686345
0.679203
0.671996
0.664725
0.657390
0.649993
0.642533
0.635013
0.627431
0.619789
0.612089
0.604329
0.596513
0.588639
0.580708
0.572723
0.564682
0.556588
0.548440
0.540240
0.531989
0.523686
0.515334
0.506932
0.498482
0.489984
0.481440
0.472849
0.464213
0.455533
0.446809
0.438043
0.429235
0.420386
0.411496
0.402567
0.393600
0.384596
0.375554
0.366477
0.357364
0.348217
0.339038
0.329825
0.320582
0.311307
0.302003
0.292670
0.283309
0.273921
0.264507
0.255067
0.245603
0.236116
0.226606
0.217075
0.207522
0.197950
0.188359
0.178750
0.169124
0.159482
0.149824
0.140152
0.130467
0.120769
0.111060
0.101340
0.091611
0.081872
0.072126
0.062373
0.052614
0.042850
0.033082
0.023311
0.013537
0.003763
-0.006012
-0.015787
-0.025560
-0.035331
-0.045098
-0.054861
-0.064618
-0.074370
-0.084114
-0.093851
-0.103578
-0.113296
-0.123002
-0.132697
-0.142379
-0.152048
-0.161702
-0.171341
-0.180963
-0.190568
-0.200155
-0.209722
-0.219270
-0.228797
-0.238301
-0.247783
-0.257242
-0.266676
-0.276084
-0.285466
-0.294820
-0.304147
-0.313444
-0.322712
-0.331948
-0.341153
-0.350325
-0.359464
-0.368569
-0.377638
-0.386671
-0.395667
-0.404626
-0.413546
-0.422426
-0.431266
-0.440064
-0.448821
-0.457535
-0.466205
-0.474830
-0.483410
-0.491944
-0.500431
-0.508870
-0.517260
-0.525602
-0.533892
-0.542132
-0.550320
-0.558455
-0.566537
-0.574565
-0.582538
-0.590456
-0.598317
-0.606120
-0.613866
-0.621553
-0.629181
-0.636749
-0.644256
-0.651701
-0.659084
-0.666404
-0.673660
-0.680852
-0.687979
-0.695040
-0.702035
-0.708963
-0.715822
-0.722614
-0.729336
-0.735989
-0.742572
-0.749083
-0.755523
-0.761891
-0.768186
-0.774407
-0.780555
-0.786628
-0.792626
-0.798548
-0.804393
-0.810162
-0.815854
-0.821467
-0.827002
-0.832458
-0.837835
-0.843131
-0.848347
-0.853482
-0.858535
-0.863506
-0.868395
-0.873200
-0.877923
-0.882561
-0.887115
-0.891584
-0.895968
-0.900267
-0.904479
-0.908605
-0.912644
-0.916596
-0.920461
-0.924237
-0.927925
-0.931525
-0.935035
-0.938456
-0.941788
-0.945029
-0.948180
-0.951241
-0.954211
-0.957089
-0.959876
-0.962571
-0.965175
-0.967686
-0.970104
-0.972430
-0.974663
-0.976803
-0.978850
-0.980803
-0.982662
-0.984427
-0.986099
-0.987676
-0.989159
-0.990547
-0.991840
-0.993039
-0.994143
-0.995152
-0.996066
-0.996884
-0.997608
-0.998236
-0.998769
-0.999206
-0.999548
-0.999794
-0.999945
-1.000000
-0.999959
-0.999823
-0.999592
-0.999265
-0.998842
-0.998325
-0.997711
-0.997003
-0.996199
-0.995300
-0.994305
-0.993216
-0.992032
-0.990753
-0.989380
-0.987912
-0.986349
-0.984692
-0.982941
-0.981097
-0.979158
-0.977126
-0.975001
-0.972782
-0.970470
-0.968066
-0.965569
-0.962980
-0.960299
-0.957526
-0.954662
-0.951707
-0.948660
-0.945523
-0.942295
-0.938978
-0.935571
-0.932074
-0.928488
-0.924814
-0.921051
-0.917200
-0.913262
-0.909236
-0.905124
-0.900924
-0.896639
-0.892268
-0.887812
-0.883271
-0.878646
-0.873937
-0.869144
-0.864268
-0.859310
-0.854269
-0.849147
-0.843944
-0.838660
-0.833296
-0.827852
-0.822329
-0.816728
-0.811048
-0.805291
-0.799457
-0.793547
-0.787561
-0.781500
-0.775364
-0.769154
-0.762870
-0.756514
-0.750085
-0.743584
-0.737013
-0.730371
-0.723659
-0.716878
-0.710029
-0.703112
-0.696127
-0.689076
-0.681960
-0.674778
-0.667531
-0.660221
-0.652848
-0.645412
-0.637915
-0.630356
-0.622738
-0.615060
-0.607323
-0.599528
-0.591676
-0.583768
-0.575803
-0.567784
-0.559710
-0.551583
-0.543403
-0.535171
-0.526888
-0.518555
-0.510172
-0.501740
-0.493261
-0.484734
-0.476161
-0.467543
-0.458880
-0.450173
-0.441422
-0.432630
-0.423797
-0.414923
-0.406009
-0.397057
-0.388066
-0.379039
-0.369975
-0.360876
-0.351742
-0.342575
-0.333375
-0.324143
-0.314881
-0.305588
-0.296266
-0.286916
-0.277538
-0.268134
-0.258704
-0.249249
-0.239771
-0.230269
-0.220746
-0.211202
-0.201637
-0.192053
-0.182451
-0.172831
-0.163195
-0.153543
-0.143877
-0.134197
-0.124504
-0.114799
-0.105083
-0.095357
-0.085622
-0.075879
-0.066128
-0.056371
-0.046609
-0.036843
-0.027073
-0.017300
-0.007525
0.002250
0.012025
0.021798
0.031570
0.041339
0.051103
0.060863
0.070617
0.080364
0.090104
0.099835
0.109556
0.119267
0.128967
0.138654
0.148328
0.157988
0.167632
0.177261
0.186873
0.196467
0.206042
0.215597
0.225132
0.234645
0.244136
0.253604
0.263047
0.272465
0.281858
0.291223
0.300560
0.309869
0.319148
0.328397
0.337614
0.346799
0.355951
0.365068
0.374151
0.383198
0.392209
0.401182
0.410117
0.419012
0.427868
0.436682
0.445455
0.454186
0.462873
0.471515
0.480113
0.488665
0.497170
0.505627
0.514037
0.522397
0.530707
0.538966
0.547174
0.555330
0.563433
0.571482
0.579476
0.587415
0.595297
0.603123
0.610892
0.618601
0.626252
0.633843
0.641373
0.648842
0.656249
0.663594
0.670875
0.678091
0.685243
0.692330
0.699350
0.706304
0.713190
0.720008
0.726757
0.733437
0.740046
0.746585
0.753053
0.759448
0.765771
0.772021
0.778197
0.784299
0.790326
0.796277
0.802152
0.807951
0.813672
0.819316
0.824881
0.830367
0.835775
0.841102
0.846349
0.851515
0.856599
0.861602
0.866523
0.871360
0.876115
0.880785
0.885372
0.889874
0.894291
0.898622
0.902868
0.907027
0.911100
0.915085
0.918984
0.922794
0.926516
0.930150
0.933695
0.937150
0.940516
0.943792
0.946978
0.950074
0.953078
0.955992
0.958814
0.961545
0.964183
0.966730
0.969184
0.971546
0.973815
0.975991
0.978073
0.980062
0.981957
0.983759
0.985467
0.987080
0.988599
0.990024
0.991354
0.992589
0.993729
0.994775
0.995725
0.996581
0.997341
0.998005
0.998575
0.999049
0.999427
0.999710
0.999898
0.999990
0.999986
0.999887
0.999692
0.999402
0.999016
0.998535
0.997959
0.997287
0.996519
0.995657
0.994699
0.993647
0.992499
0.991257
0.989920
0.988488
0.986962
0.985341
0.983627
0.981818
0.979915
0.977919
0.975830
0.973647
0.971371
0.969003
0.966541
0.963988
0.961342
0.958605
0.955775
0.952855
0.949843
0.946741
0.943548
0.940266
0.936893
0.933431
0.929879
0.926239
0.922510
0.918693
0.914788
0.910796
0.906717
0.902551
0.898299
0.893961
0.889538
0.885029
0.880436
0.875759
0.870999
0.866155
0.861228
0.856219
0.851128
0.845956
0.840703
0.835370
0.829957
0.824464
0.818893
0.813244
0.807517
0.801712
0.795831
0.789874
0.783842
0.777734
0.771553
0.765297
0.758969
0.752568
0.746095
0.739551
0.732936
0.726251
0.719497
0.712673
0.705782
0.698824
0.691798
0.684707
0.677550
0.670328
0.663042
0.655693
0.648282
0.640808
0.633273
0.625678
0.618022
0.610308
0.602536
0.594705
0.586818
0.578875
0.570877
0.562824
0.554717
0.546558
0.538346
0.530082
0.521768
0.513405
0.504992
0.496530
0.488022
0.479467
0.470866
0.462219
0.453529
0.444796
0.436020
0.427202
0.418343
0.409445
0.400507
0.391531
0.382518
0.373468
0.364382
0.355262
0.346108
0.336920
0.327701
0.318450
0.309168
0.299858
0.290518
0.281151
0.271757
0.262336
0.252891
0.243422
0.233929
0.224414
0.214878
0.205321
0.195744
0.186149
0.176536
0.166906
0.157260
0.147599
0.137924
0.128236
0.118536
0.108824
0.099102
0.089370
0.079630
0.069882
0.060128
0.050368
0.040603
0.030834
0.021062
0.011288
0.001513
-0.008262
-0.018036
-0.027809
-0.037579
-0.047345
-0.057107
-0.066863
-0.076613
-0.086356
-0.096090
-0.105815
-0.115530
-0.125234
-0.134927
-0.144606
-0.154271
-0.163922
-0.173557
-0.183175
-0.192776
-0.202358
-0.211922
-0.221464
-0.230986
-0.240486
-0.249962
-0.259415
-0.268843
-0.278245
-0.287621
-0.296969
-0.306289
-0.315580
-0.324840
-0.334070
-0.343267
-0.352432
-0.361563
-0.370659
-0.379720
-0.388745
-0.397732
-0.406682
-0.415593
-0.424464
-0.433294
-0.442083
-0.450830
-0.459534
-0.468194
-0.476809
-0.485378
-0.493901
-0.502377
-0.510805
-0.519185
-0.527514
-0.535793
-0.544021
