-0.000000
-0.550416
-0.583718
0.040741
0.977081
1.627818
1.559056
0.803932
-0.159307
-0.739265
-0.639958
-0.058847
0.464218
0.439592
-0.215820
-1.110623
-1.648143
-1.443707
-0.596259
0.377148
0.898201
0.724784
0.109890
-0.388873
-0.313822
0.360366
1.201495
1.620397
1.285752
0.360935
-0.604338
-1.051834
-0.796767
-0.145801
0.330904
0.211872
-0.470695
-1.248779
-1.547124
-1.091114
-0.106295
0.831598
1.191285
0.848191
0.160182
-0.295459
-0.137458
0.545156
1.253703
1.432895
0.867361
-0.158271
-1.049284
-1.307980
-0.872218
-0.147964
0.286010
0.092361
-0.584175
-1.219537
-1.284052
-0.623324
0.422784
1.247884
1.394134
0.863303
0.105728
-0.304148
-0.076351
0.590181
1.151375
1.108357
0.368653
-0.677175
-1.418521
-1.443189
-0.817549
-0.031939
0.349477
0.087237
-0.567425
-1.055816
-0.914576
-0.113324
0.911789
1.553408
1.450195
0.732965
-0.072926
-0.419639
-0.121011
0.521698
0.940578
0.712001
-0.132863
-1.117867
-1.646266
-1.412108
-0.609625
0.206369
0.510432
0.172112
-0.459960
-0.814040
-0.509960
0.360774
1.287983
1.692652
1.327982
0.449713
-0.363971
-0.616052
-0.233769
0.389915
0.684767
0.317321
-0.562398
-1.416407
-1.690198
-1.199058
-0.257453
0.539602
0.729416
0.298414
-0.319538
-0.561019
-0.142031
0.731238
1.499384
1.638739
1.028728
0.038926
-0.725732
-0.842568
-0.358144
0.256594
0.450284
-0.009289
-0.862613
-1.535302
-1.540321
-0.822394
0.198212
0.913822
0.947130
0.405202
-0.208171
-0.358865
0.131680
0.953871
1.524749
1.399104
0.587208
-0.445109
-1.094770
-1.034788
-0.432450
0.180247
0.291524
-0.222076
-1.004481
-1.470453
-1.221143
-0.331732
0.692150
1.259401
1.097775
0.433810
-0.177335
-0.251232
0.279436
1.016018
1.377109
1.014073
0.065510
-0.929449
-1.398960
-1.129331
-0.404650
0.202192
0.239007
-0.304757
-0.992022
-1.251102
-0.786717
0.201405
1.147348
1.505593
1.124106
0.342081
-0.255649
-0.253874
0.300974
0.937767
1.100146
0.548628
-0.458954
-1.336909
-1.572774
-1.078496
-0.245172
0.336537
0.292938
-0.272754
-0.859923
-0.932848
-0.309596
0.697572
1.490376
1.595676
0.990881
0.115042
-0.441732
-0.351560
0.226189
0.766154
0.758235
0.079145
-0.908667
-1.601566
-1.571444
-0.861761
0.045152
0.566313
0.423645
-0.168414
-0.664658
-0.585262
0.133947
1.085039
1.666191
1.499371
0.693772
-0.230345
-0.703824
-0.502002
0.107167
0.563683
0.422321
-0.322089
-1.221228
-1.682067
-1.380959
-0.491590
0.433807
0.846623
0.578780
-0.050314
-0.471050
-0.276801
0.479251
1.313770
1.649223
1.219862
0.261726
-0.647466
-0.986299
-0.645928
0.005368
0.393697
0.154694
-0.601247
-1.361342
-1.569888
-1.021719
-0.012219
0.862326
1.114148
0.695687
0.020970
-0.337276
-0.060289
0.685914
1.364794
1.448364
0.793875
-0.247759
-1.068925
-1.221651
-0.721056
-0.023226
0.305831
-0.004037
-0.733186
-1.327065
-1.290793
-0.545020
0.508357
1.257832
1.300966
0.716221
-0.002508
-0.301566
0.037919
0.745044
1.252987
1.104822
0.284751
-0.759532
-1.420140
-1.345378
-0.676926
0.058311
0.324714
-0.042989
-0.725362
-1.148993
-0.899198
-0.023093
0.991562
1.547946
1.349687
0.600750
-0.144288
-0.373532
0.022749
0.679641
1.022734
0.683300
-0.230010
-1.195527
-1.634766
-1.310531
-0.487294
0.258525
0.444393
0.017661
-0.614662
-0.882641
-0.466648
0.465187
1.363765
1.675889
1.226599
0.338252
-0.397166
-0.532004
-0.071789
0.538067
0.737448
0.258407
-0.674109
-1.490247
-1.668634
-1.098745
-0.157364
0.554600
0.629705
0.132273
-0.457895
-0.595695
-0.066910
0.849896
1.570878
1.612501
0.929976
-0.049738
-0.723742
-0.729856
-0.191289
0.382101
0.465261
-0.100763
-0.987443
-1.603689
-1.509210
-0.725335
0.275794
0.896412
0.824285
0.241032
-0.318080
-0.352927
0.239138
1.083652
1.588917
1.362620
0.491668
-0.512267
-1.063764
-0.904758
-0.274192
0.272226
0.264005
-0.344604
-1.137554
-1.528974
-1.178536
-0.237298
0.749776
1.216770
0.963471
0.284404
-0.249550
-0.202063
0.415570
1.150314
1.428292
0.964417
-0.028385
-0.978562
-1.346713
-0.993509
-0.266651
0.253379
0.168737
-0.452509
-1.125124
-1.293073
-0.728995
0.295390
1.188998
1.445665
0.989269
0.217579
-0.285151
-0.163664
0.457879
1.066986
1.130935
0.481826
-0.553621
-1.372078
-1.506936
-0.946809
-0.135737
0.344316
0.184524
-0.435945
-0.982396
-0.950499
-0.232806
0.793383
1.519887
1.525451
0.864110
0.021697
-0.428357
-0.227197
0.392492
0.878955
0.760914
-0.008334
-1.005865
-1.626010
-1.498046
-0.741234
0.121937
0.532914
0.286020
-0.334462
-0.764916
-0.571364
0.232521
1.183578
1.685869
1.423668
0.580366
-0.290628
-0.652030
-0.354132
0.269519
0.648708
0.390581
-0.431788
-1.320716
-1.696956
-1.303460
-0.385749
0.478119
0.778470
0.423894
-0.205582
-0.538446
-0.226379
0.599669
1.413437
1.658968
1.140728
0.163498
-0.676748
-0.904134
-0.487348
0.150345
0.441469
0.085251
-0.731502
-1.460032
-1.573813
-0.940797
0.078688
0.877834
1.020505
0.536696
-0.110808
-0.363924
0.027961
0.824637
1.460980
1.445513
0.710758
-0.331897
-1.072135
-1.119145
-0.564779
0.092850
0.310417
-0.110299
-0.878532
-1.418891
-1.279990
-0.459119
0.586445
1.250331
1.192169
0.565516
-0.100867
-0.283760
0.160816
0.894732
1.338336
1.084750
0.195386
-0.832362
-1.403522
-1.232712
-0.534286
0.137491
0.284816
-0.180591
-0.876734
-1.225567
-0.868491
0.070414
1.059899
1.523710
1.235333
0.468231
-0.203417
-0.312459
0.172627
0.829754
1.088156
0.640645
-0.328235
-1.260018
-1.604227
-1.196350
-0.366465
0.297334
0.363647
-0.141640
-0.760387
-0.934567
-0.410892
0.568512
1.424851
1.640108
1.114079
0.230167
-0.415968
-0.433604
0.093760
0.676206
0.773679
0.188653
-0.782638
-1.548101
-1.628365
-0.988968
-0.062570
0.554247
0.516106
-0.036138
-0.585306
-0.614294
0.017386
0.963388
1.625353
1.568163
0.823619
-0.131176
-0.705560
-0.603847
-0.023488
0.495821
0.464656
-0.199717
-1.105261
-1.654297
-1.460885
-0.622687
0.344240
0.862111
0.688871
0.077271
-0.415444
-0.332004
0.352380
1.204738
1.634826
1.310070
0.392676
-0.568443
-1.015339
-0.763038
-0.117733
0.350974
0.222184
-0.471243
-1.260430
-1.569033
-1.121252
-0.141630
0.794670
1.156390
0.818515
0.138226
-0.307919
-0.139344
0.554187
1.273106
1.461080
0.901682
-0.121259
-1.013336
-1.276605
-0.848241
-0.133343
0.290171
0.085728
-0.601171
-1.245612
-1.316967
-0.659962
0.386104
1.214879
1.368008
0.846363
0.099263
-0.299777
-0.061578
0.614189
1.182676
1.144201
0.405616
-0.642818
-1.390259
-1.423754
-0.808595
-0.034003
0.336813
0.065149
-0.597107
-1.090615
-0.951388
-0.148605
0.881620
1.531434
1.438530
0.732510
-0.062430
-0.399376
-0.092837
0.555403
0.976953
0.747768
-0.101179
-1.093522
-1.631781
-1.408865
-0.617716
0.188002
0.483685
0.139416
-0.495819
-0.849989
-0.542730
0.334405
1.270779
1.686449
1.333356
0.465928
-0.338728
-0.584293
-0.198363
0.425940
0.718310
0.345307
-0.542769
-1.407272
-1.692617
-1.212769
-0.280923
0.508857
0.694395
0.262261
-0.353735
-0.590312
-0.163713
0.719403
1.498804
1.649649
1.050043
0.068385
-0.691163
-0.806215
-0.323249
0.287068
0.473718
0.004914
-0.859200
-1.543296
-1.559130
-0.850163
0.164360
0.877317
0.911450
0.373500
-0.233234
-0.375154
0.125719
0.959046
1.540867
1.424787
0.619928
-0.408700
-1.058327
-1.001752
-0.405702
0.198510
0.299778
-0.224666
-1.017939
-1.493802
-1.252299
-0.367629
0.655165
1.225017
1.069210
0.413505
-0.187781
-0.251002
0.290416
1.036999
1.406400
1.049004
0.102637
-0.893900
-1.368522
-1.106820
-0.391922
0.204239
0.230312
-0.323504
-1.019358
-1.284725
-0.823521
0.165064
1.115170
1.480772
1.108902
0.337651
-0.249174
-0.237201
0.326439
0.969939
1.136253
0.585301
-0.425370
-1.309853
-1.554936
-1.071452
-0.249302
0.321887
0.269211
-0.303518
-0.895150
-0.969458
-0.344141
0.668567
1.469915
1.585805
0.992404
0.127526
-0.419707
-0.322094
0.260543
0.802488
0.793342
0.109686
-0.885810
-1.588813
-1.570091
-0.871788
0.024980
0.538118
0.390071
-0.204452
-0.700092
-0.616943
0.109067
1.069563
1.661838
1.506621
0.711773
-0.203576
-0.671005
-0.466178
0.142891
0.596261
0.448846
-0.304215
-1.213963
-1.686347
-1.396427
-0.516601
0.401893
0.810981
0.542688
-0.083743
-0.498976
-0.296722
0.469343
1.315096
1.661898
1.242714
0.292397
-0.612144
-0.949794
-0.611568
0.034647
0.415431
0.166930
-0.599826
-1.371169
-1.590262
-1.050717
-0.046888
0.825522
1.078788
0.664963
-0.002533
-0.351620
-0.064180
0.693037
1.382567
1.475321
0.827445
-0.210973
-1.032648
-1.189384
-0.695674
-0.006805
0.311995
-0.008690
-0.748440
-1.351795
-1.322857
-0.581340
0.471450
1.224063
1.273573
0.697595
-0.010927
-0.299210
0.050845
0.767572
1.283306
1.140241
0.321849
-0.724510
-1.390727
-1.324372
-0.666098
0.058251
0.313970
-0.063461
-0.753906
-1.183227
-0.936036
-0.058953
0.960326
1.524498
1.336236
0.598337
-0.135738
-0.354991
0.049626
0.712614
1.058996
0.719547
-0.197333
-1.169775
-1.618568
-1.305388
-0.493450
0.241942
0.419078
-0.014127
-0.650236
-0.918938
-0.500328
0.437463
1.344892
1.667830
1.230064
0.352660
-0.373449
-0.501312
-0.036855
0.574271
0.771783
0.287686
-0.652839
-1.479274
-1.669159
-1.110645
-0.179255
0.525041
0.595329
0.096130
-0.492727
-0.626184
-0.090197
0.836224
1.568395
1.621588
0.949678
-0.021545
-0.689957
-0.693694
-0.155941
0.413633
0.490232
-0.084729
-0.982097
-1.609821
-1.526367
-0.751779
0.242826
0.860250
0.788334
0.208440
-0.344568
-0.371012
0.231217
1.086906
1.603319
1.386916
0.523425
-0.476317
-1.027206
-0.871006
-0.246165
0.292204
0.274218
-0.345211
-1.149208
-1.550850
-1.208649
-0.272648
0.712797
1.181823
0.933785
0.262502
-0.261911
-0.203851
0.424653
1.169710
1.456437
0.998710
0.008639
-0.942570
-1.315296
-0.969536
-0.252095
0.257437
0.162011
-0.469547
-1.151181
-1.325941
-0.765601
0.258701
1.155953
1.419507
0.972344
0.211189
-0.280676
-0.148805
0.481916
1.098257
1.166724
0.518754
-0.519258
-1.343782
-1.487478
-0.937881
-0.137882
0.331549
0.162360
-0.465641
-1.017152
-0.987247
-0.268048
0.763209
1.497883
1.513770
0.863689
0.032277
-0.407995
-0.198959
0.426197
0.915275
0.796611
0.023308
-0.981517
-1.611498
-1.494794
-0.749364
0.103486
0.506076
0.253273
-0.370305
